0.221158
0.167673
0.254806
0.00948622
1.21961
2.04557
0.392709
13.3208
2.25776
1.47035
4.19303
0.387635
3.82452
0.585347
0.758772
1.15226
0.918609
3.28147
1.5015
1.56668
1.52585
0.592746
0.80529
3.71443
2.79362
0.647163
0.548568
2.36447
1.27901
0.824581
0.221164
0.499553
0.436863
0.601779
0.270649
2.2453
0.669067
0.366561
3.2542
4.85218
0.548988
1.97202
6.2016
5.13099
2.67342
0.44498
0.194348
1.26637
0.103119
4.45942
0.727328
1.71486
1.43578
1.04044
0.184966
1.18547
2.168
3.98448
0.0595832
1.23387
0.0224107
1.32367
3.72997
0.929359
1.39138
0.283944
0.551279
2.72577
0.716068
0.746686
1.38619
1.83475
0.687551
0.819552
2.10894
0.23562
1.5888
0.245415
1.84528
7.48843
46.5683
153.926
138.455
142.122
156.203
94.8803
69.9288
77.1571
51.1038
40.6319
40.5146
20.1536
26.4336
12.1055
12.8672
4.44531
21.657
15.7188
7.70901
6.76991
3.7975
9.78668
5.94298
6.41228
9.6111
0.911609
4.7337
2.26971
4.52102
0.97434
1.61652
0.183158
6.3831
3.39656
1.96488
1.38374
0.417693
5.08287
0.413942
0.434535
0.835155
0.559219
2.37164
0.559827
1.57188
0.546865
2.19437
2.94086
0.515317
0.00946595
1.41764
0.822349
1.91077
4.51265
3.89782
1.44267
1.60664
3.24778
1.06183
1.24869
0.432537
0.558996
2.35143
1.4578
5.21118
0.38954
1.14656
0.284778
1.5874
0.306786
6.52793
0.386033
0.607972
2.95029
3.12151
3.68626
4.11454
1.41589
2.81213
3.1698
2.67265
0.490771
0.483915
1.91298
4.99781
1.99687
0.562944
1.34427
0.990281
15.2652
7.38218
12.9786
16.5908
8.36723
0.808163
31.0232
37.7805
38.0061
52.2872
39.2745
51.4223
19.3994
14.112
4.19288
22.8101
7.61182
12.1902
3.86046
9.02512
1.93056
7.09152
10.4325
8.39882
2.80941
3.85974
0.956931
1.89968
0.206554
1.29157
3.90417
3.10579
4.17909
0.18951
0.0974967
0.576148
0.141337
1.73406
0.169314
3.83075
1.96893
0.500343
0.791585
1.26667
0.12342
0.227047
3.8034
0.95734
0.310954
2.15138
0.122834
4.41169
3.22506
1.34039
0.638796
0.637157
5.81433
0.790544
4.10144
2.04824
2.71752
1.98939
0.111071
0.920405
0.613441
1.79622
9.28421
0.389933
4.29874
1.51128
2.05389
0.620077
3.01306
0.839621
1.98092
0.621107
0.912515
6.62738
4.03822
0.459206