74.7574
1.82477
7.76116
6.40818
0.465679
1.25063
4.18745
2.22625
2.32063
1.65555
3.99296
0.990337
3.95042
3.39784
2.90794
6.59094
6.36803
4.43823
4.73652
4.63338
1.53113
1.22895
1.13173
0.913558
3.5756
11.2189
0.314011
1.50148
3.9726
2.46585
0.908167
1.71698
0.674329
4.91942
1.88708
3.62521
1.5974
0.589548
0.305839
0.394684
4.84912
0.382847
2.52469
0.920232
1.10193
3.13901
6.55646
3.1996
4.65339
11.1844
3.66669
3.5172
2.19824
1.35287
0.98052
1.46052
3.48285
8.00099
1.48217
1.89931
0.343661
6.32941
6.22228
2.54528
1.93697
6.79754
1.79198
3.03006
3.1512
10.0931
3.27323
5.77549
2.1017
1.33029
0.416662
2.49451
1.70329
2.69945
0.94139
1.9527
20.6496
37.6534
34.2244
49.5436
29.7252
7.28823
9.08626
22.3152
14.1621
19.0309
26.017
33.3247
20.5472
11.6508
21.3521
5.77149
25.7258
2.42175
11.6157
10.3778
0.473571
7.89847
0.404186
3.90817
1.12742
1.2738
2.25339
4.03858
1.09346
1.29449
5.11424
4.33389
3.84107
4.00066
0.783709
1.6646
0.442757
2.65781
1.65696
3.31355
5.18744
6.19112
1.38312
4.54458
3.03696
2.377
0.201187
2.4273
1.0298
4.15397
0.889197
0.169828
4.14216
0.877292
0.923943
5.32756
9.07194
4.15656
5.45463
2.58297
4.37778
3.13276
1.23307
0.195688
4.39384
0.505687
0.351136
2.61227
4.55498
0.487864
7.44354
0.92979
6.52131
1.17173
2.11714
1.48372
2.23021
2.85632
2.1326
2.63276
2.33126
4.7119
2.48271
0.2697
4.28906
1.85602
2.26384
5.35039
6.55094
5.05107
2.09116
4.60851
9.52901
2.58421
8.55808
0.724879
13.7571
18.0032
47.1692
20.9932
9.04011
0.0503195
16.8629
13.2232
10.7023
7.05758
8.62049
9.83577
9.36416
10.8129
3.11529
9.73384
2.56767
0.368283
1.17519
1.3338
1.77594
1.86212
5.17832
3.14143
3.17606
1.3105
6.78819
7.71554
0.332385
0.604834
3.12767
2.14224
1.15704
0.652784
8.98977
2.32566
0.934794
3.27304
4.89233
2.06702
5.6563
1.45019
2.46072
5.94158
1.71971
6.82082
4.10651
2.14096
1.80522
4.24693
1.67825
5.81329
2.90764
0.558082
0.14413
0.721301
0.254988
8.49523
6.24649
0.67995
2.3442
0.295675
1.64607
0.764166
2.84817
9.76463
0.12451
6.62175
4.0389
2.76315
6.58162
1.43523
2.16238